Generation number 0
1000000011
0010010000
0110111000
0100010000
0000000101
0000100011
0100100100
1100100000


Generation number 1
0000000000
0011111000
0111101000
0110110000
0000000001
0000000101
1101110010
1100000000


----------------------
Generation number 2
0001110000
0100001000
0000001000
0100110000
0000000010
0000100001
1110100010
1110100000


----------------------
Generation number 3
0000110000
0000101000
0000001000
0000010000
0000110000
0101000011
1010110000
1010000000


----------------------
Generation number 4
0000110000
0000101000
0000001000
0000111000
0000110000
0111000000
1010100000
0001000000


----------------------
Generation number 5
0000110000
0000101000
0000101100
0000101000
0010001000
0110010000
0000100000
0001000000


----------------------
Generation number 6
0000110000
0001101100
0001101100
0001001000
0111001000
0111010000
0011100000
0000000000


----------------------
Generation number 7
0001111000
0000000100
0010000000
0000001000
0100011000
0000010000
0100100000
0001000000


----------------------
Generation number 8
0000111000
0001111000
0000000000
0000011000
0000011000
0000111000
0000100000
0000000000


----------------------
Generation number 9
0001001000
0001001000
0000000000
0000011000
0000000100
0000101000
0000100000
0000000000


----------------------
Generation number 10
0000000000
0000000000
0000011000
0000001000
0000000100
0000010000
0000010000
0000000000


----------------------
Generation number 11
0000000000
0000000000
0000011000
0000011100
0000001000
0000001000
0000000000
0000000000


----------------------
Generation number 12
0000000000
0000000000
0000010100
0000000100
0000000000
0000000000
0000000000
0000000000


----------------------
Generation number 13
0000000000
0000000000
0000001000
0000001000
0000000000
0000000000
0000000000
0000000000


----------------------
Generation number 14
0000000000
0000000000
0000000000
0000000000
0000000000
0000000000
0000000000
0000000000


Generation died!